13
164 345 94 77 429 158 182 286 0
105 53 209 242 76 230 133 50 159 0
209 228 184 28 111 47 168 46 131 225 128 47 16 166 6 0
148 211 11 252 8 220 238 83 194 0
762 855 1155 385 624 572 603 1507 941 0
15870 13534 6746 2486 14525 975 2810 4166 1017 12261 1243 1696 11992 1697 15748 0
733 106 963 90 534 516 282 845 802 583 574 248 0
432 703 1815 742 471 1937 1093 992 16 578 0
4 170 19 173 23 202 199 8 225 77 136 0
81 185 175 143 61 41 0
177 526 3315 4051 2712 1202 4082 3867 3495 441 3924 2116 737 0
3964 1673 2589 3453 2891 668 4068 3392 1953 2917 2091 0
10936 13078 8652 11642 15178 0